771.0 0.0032679738562091504
799.73 0.00980392156862745
828.46 0.011437908496732025
857.19 0.014705882352941176
885.92 0.014705882352941176
914.65 0.014705882352941176
943.38 0.017973856209150325
972.11 0.026143790849673203
1000.84 0.026143790849673203
1029.57 0.029411764705882353
1058.3 0.029411764705882353
1087.03 0.029411764705882353
1115.76 0.029411764705882353
1144.49 0.029411764705882353
1173.22 0.029411764705882353
1201.95 0.029411764705882353
1230.68 0.029411764705882353
1259.41 0.029411764705882353
1288.1399999999999 0.029411764705882353
1316.87 0.03431372549019608
1345.6 0.03594771241830065
1374.33 0.0392156862745098
1403.06 0.04411764705882353
1431.79 0.04411764705882353
1460.52 0.04411764705882353
1489.25 0.04411764705882353
1517.98 0.0457516339869281
1546.71 0.05228758169934641
1575.44 0.05718954248366013
1604.17 0.058823529411764705
1632.9 0.058823529411764705
1661.63 0.06535947712418301
1690.3600000000001 0.07026143790849673
1719.0900000000001 0.07679738562091504
1747.8200000000002 0.08006535947712418
1776.5500000000002 0.08333333333333333
1805.28 0.09313725490196079
1834.01 0.11274509803921569
1862.74 0.13398692810457516
1891.47 0.14705882352941177
1920.2 0.16013071895424835
1948.93 0.16993464052287582
1977.66 0.17647058823529413
2006.39 0.18627450980392157
2035.1200000000001 0.19281045751633988
2063.85 0.19934640522875818
2092.58 0.20751633986928106
2121.31 0.20915032679738563
2150.04 0.2222222222222222
2178.77 0.2434640522875817
2207.5 0.2581699346405229
2236.23 0.2777777777777778
2264.96 0.28594771241830064
2293.69 0.2957516339869281
2322.42 0.3006535947712418
2351.15 0.315359477124183
2379.88 0.32189542483660133
2408.61 0.32516339869281047
2437.34 0.3366013071895425
2466.0699999999997 0.3415032679738562
2494.8 0.3545751633986928
2523.5299999999997 0.36764705882352944
2552.26 0.3758169934640523
2580.99 0.38235294117647056
2609.7200000000003 0.38235294117647056
2638.45 0.38562091503267976
2667.1800000000003 0.39052287581699346
2695.91 0.4068627450980392
2724.6400000000003 0.43300653594771243
2753.37 0.45588235294117646
2782.1000000000004 0.4722222222222222
2810.83 0.48366013071895425
2839.56 0.49019607843137253
2868.29 0.5032679738562091
2897.02 0.5081699346405228
2925.75 0.5147058823529411
2954.48 0.5261437908496732
2983.21 0.5310457516339869
3011.94 0.5408496732026143
3040.67 0.5588235294117647
3069.4 0.5702614379084967
3098.13 0.5800653594771242
3126.86 0.5980392156862745
3155.59 0.6241830065359477
3184.32 0.6405228758169934
3213.05 0.6568627450980392
3241.78 0.6699346405228758
3270.51 0.6944444444444444
3299.2400000000002 0.7222222222222222
3327.9700000000003 0.7581699346405228
3356.7 0.7859477124183006
3385.43 0.8316993464052288
3414.16 0.8627450980392157
3442.89 0.8986928104575164
3471.62 0.9428104575163399
3500.35 0.9689542483660131
3529.08 0.9836601307189542
3557.81 0.988562091503268
3586.54 0.9950980392156863
3615.27 1.0
